+-----------------------------------------------------------------------------------+
|                                       alpha                                       |
+-------+------------+-------------+------------------------------------------------+
| Value | Avg Length | Best Length |                   Best Path                    |
+-------+------------+-------------+------------------------------------------------+
|  0.1  |   3373.3   |    3323.0   | [0, 1, 13, 2, 3, 4, 5, 11, 6, 12, 7, 10, 8, 9] |
|  0.5  |   3345.2   |    3323.0   | [0, 9, 8, 10, 7, 12, 6, 11, 5, 4, 3, 2, 13, 1] |
|   1   |   3384.5   |    3346.0   | [0, 7, 1, 13, 2, 3, 4, 5, 11, 6, 12, 10, 8, 9] |
|   2   |   3650.6   |    3524.0   | [0, 7, 10, 8, 9, 12, 6, 4, 11, 5, 3, 2, 13, 1] |
|   5   |   3822.6   |    3526.0   | [0, 1, 12, 6, 11, 5, 4, 3, 2, 13, 10, 8, 9, 7] |
+-------+------------+-------------+------------------------------------------------+