+-----------------------------------------------------------------------------------+
|                                        beta                                       |
+-------+------------+-------------+------------------------------------------------+
| Value | Avg Length | Best Length |                   Best Path                    |
+-------+------------+-------------+------------------------------------------------+
|  0.1  |   3572.5   |    3448.0   | [0, 10, 8, 9, 7, 12, 6, 11, 5, 4, 3, 13, 2, 1] |
|  0.5  |   3375.4   |    3359.0   | [0, 7, 8, 9, 10, 12, 6, 11, 5, 4, 3, 2, 13, 1] |
|   1   |   3374.0   |    3346.0   | [0, 7, 1, 13, 2, 3, 4, 5, 11, 6, 12, 10, 8, 9] |
|   2   |   3429.1   |    3371.0   | [0, 7, 12, 6, 11, 5, 4, 3, 2, 13, 1, 9, 8, 10] |
|   5   |   3399.6   |    3346.0   | [0, 7, 1, 13, 2, 3, 4, 5, 11, 6, 12, 10, 8, 9] |
+-------+------------+-------------+------------------------------------------------+